32
33
34
35
38
39
40
41
42
43
44
45
46
47
48
49
54
55
58
59
60
61
62
63
65
66
67
68
69
70
71
72
73
74
75
76
77
78
79
80
82
83
84
85
86
87
88
89
90
91
93
94
95
96
97
98
99
100
101
102
103
104
105
106
107
108
110
111
114
115
116
117
118
119
120
121
122
123
124
125
126
168
176
180
215
913
915
920
923
925
931
933
935
947
950
953
955
959
969
1043
1055
1059
1062
8195
8208
8213
8216
8217
8220
8221
8230
8242
8243
8451
8547
8548
8549
8551
8553
8560
8561
8562
8563
8565
8568
8715
8730
8735
8736
8741
8743
8744
8745
8746
8748
8800
8801
8806
8807
8810
8811
8834
8835
8838
8839
8869
8895
8978
9472
9473
9474
9475
9484
9487
9488
9491
9492
9495
9496
9499
9500
9508
9516
9524
9532
9651
9671
9675
9679
9711
9734
9834
12288
12289
12290
12291
12293
12294
12295
12296
12297
12298
12299
12300
12301
12306
12307
12308
12309
12353
12354
12355
12356
12357
12358
12359
12360
12361
12362
12363
12364
12367
12371
12372
12373
12375
12376
12377
12381
12382
12383
12384
12385
12387
12388
12390
12391
12392
12394
12395
12398
12399
12400
12401
12402
12405
12406
12408
12409
12414
12415
12416
12417
12418
12419
12420
12423
12424
12425
12426
12427
12428
12434
12435
12443
12444
12445
12446
12449
12450
12451
12452
12454
12456
12457
12458
12459
12460
12461
12462
12463
12466
12467
12468
12471
12472
12473
12474
12477
12479
12481
12483
12484
12485
12486
12487
12488
12489
12490
12491
12492
12493
12494
12495
12498
12501
12502
12503
12504
12505
12506
12508
12510
12511
12512
12513
12515
12516
12517
12519
12521
12522
12523
12524
12525
12526
12527
12531
12533
12539
12540
12541
12542
13129
19968
19969
19971
19976
19977
19978
19979
19981
20010
20022
20027
20031
20034
20035
20057
20066
20102
20108
20113
20128
20134
20154
20161
20164
20166
20171
20174
20175
20189
20195
20197
20215
20240
20250
20284
20474
20800
20801
20804
20837
20843
20886
20907
20960
20992
20998
21000
21003
21021
21241
21269
21274
21304
21313
21315
21319
21340
21378
21430
21448
21483
21930
22310
22327
22679
22786
22823
22826
22827
22829
22947
23377
23432
23544
23567
23569
24027
24029
24030
24039
24049
24178
24191
24193
24195
24230
24308
24331
24332
24333
24335
24336
24342
24351
24417
24435
24515
24517
25096
25126
25165
25166
25179
25219
25238
25594
25964
26007
26020
26021
26023
26086
26178
26360
26376
26399
26771
27671
27713
27773
27801
27852
27969
28783
29141
29226
29243
29247
29275
29362
29380
29916
29926
30000
30326
30446
30707
31034
31036
31105
31169
31498
31567
32771
33419
33421
33455
33477
34417
34892
34893
34899
35962
36791
36796
37682
38592
38899
39135
39746
39764
40635
65281
65282
65283
65287
65288
65289
65291
65292
65293
65294
65295
65296
65297
65303
65304
65306
65307
65308
65309
65310
65311
65312
65313
65315
65317
65318
65320
65321
65322
65323
65324
65325
65326
65327
65331
65332
