32
33
34
35
38
39
40
41
42
43
44
45
46
47
48
49
54
55
58
59
60
61
62
63
65
66
67
68
69
70
71
72
73
74
75
76
77
78
79
80
82
83
84
85
86
87
88
89
90
91
93
94
95
96
97
98
99
100
101
102
103
104
105
106
107
108
110
111
114
115
116
117
118
119
120
121
122
123
124
125
126
168
176
180
215
913
915
920
923
925
931
933
935
947
950
953
955
959
969
1043
1055
1059
1062
8195
8208
8213
8216
8217
8220
8221
8230
8242
8243
8451
8547
8548
8549
8551
8553
8560
8561
8562
8563
8565
8568
8715
8730
8735
8736
8741
8743
8744
8745
8746
8748
8800
8801
8806
8807
8810
8811
8834
8835
8838
8839
8869
8895
8978
9472
9473
9474
9475
9484
9487
9488
9491
9492
9495
9496
9499
9500
9508
9516
9524
9532
9651
9671
9675
9679
9711
9734
9834
12288
12289
12290
12291
12293
12294
12295
12296
12297
12298
12299
12300
12301
12306
12307
12308
12309
12353
12354
12355
12356
12357
12358
12359
12360
12361
12362
12363
12364
12367
12371
12372
12373
12375
12376
12377
12381
12382
12383
12384
12385
12387
12388
12390
12391
12392
12394
12395
12398
12399
12400
12401
12402
12405
12406
12408
12409
12414
12415
12416
12417
12418
12419
12420
12423
12424
12425
12426
12427
12428
12434
12435
12443
12444
12445
12446
12449
12450
12451
12452
12454
12456
12457
12458
